1 10 0
Шлюпка 1 2 2
6 6
6 7
6 4
6 5

Тазик 1 1 0
1 6

Тазик 1 1 0
2 9

Тазик 1 1 0
4 9

Тазик 1 1 0
9 8

Бревно 0 2 0
8 6
9 6

Бревно 0 2 0
1 1
2 1

Бревно 1 2 0
3 3
3 4

Плот 0 3 0
7 1
8 1
9 1

Плот 0 3 0
6 10
7 10
8 10


9 9 9 9 9 9 9 9 9 9 9 9 9 3 9 0 0 1 2 1 1 1 1 9 9 3 1 1 1 1 9 1 1 2 1 9 9 1 1 3 3 1 0 0 1 1 1 9 9 9 1 1 1 1 9 0 1 2 1 9 9 0 0 6 6 6 9 1 1 1 1 9 9 1 1 9 7 7 3 3 1 1 4 9 9 4 1 6 6 6 6 1 1 1 4 9 9 4 1 0 0 1 3 1 1 1 4 9 9 4 9 0 0 1 3 1 2 9 1 9 9 1 9 0 0 1 1 1 1 1 0 9 9 9 9 9 9 9 9 9 9 9 9 9 0 0 0 0 
0 9 2
Тазик 1 1 0
2 7

Тазик 1 1 0
7 6

Тазик 1 1 0
4 5

Тазик 1 1 0
7 9

Бревно 1 2 0
8 1
8 2

Бревно 1 2 0
10 4
10 5

Бревно 0 2 0
4 2
5 2

Плот 1 3 0
2 1
2 2
2 3

Плот 1 3 0
5 8
5 9
5 10

4 6
5 6

9 9 9 9 9 9 9 9 9 9 9 9 9 1 1 1 1 0 1 1 1 0 0 9 9 4 4 4 1 0 1 2 9 0 0 9 9 1 9 1 9 1 1 1 9 0 0 9 9 1 3 1 1 2 1 1 9 1 1 9 9 1 3 1 1 1 1 1 4 4 4 9 9 1 1 1 9 1 1 9 1 1 1 9 9 1 1 1 0 1 2 1 1 2 1 9 9 3 3 1 0 1 1 1 1 1 1 9 9 1 1 1 9 1 1 8 8 8 8 9 9 0 0 1 3 3 1 1 1 1 1 9 9 9 9 9 9 9 9 9 9 9 9 9 0 0 0 0 

0 1 0 8 2
3 6
